14 
0.000000 1932.095825 2177.821045 745.574097 542.089294 935.706970 588.468079 4408.367676 2135.006104 1741.590210 700.818359 665.227356 1886.855103 606.093262 
1932.095825 0.000000 959.735779 2444.962402 2293.509521 2590.277100 1741.854248 2479.936768 347.281128 228.333252 1370.447388 2387.613770 111.430763 2334.764160 
2177.821045 959.735779 0.000000 2401.657715 2321.267578 2485.315674 1732.707642 2665.959717 678.946533 871.159729 1888.649414 2372.877930 1063.300781 2730.768311 
745.574097 2444.962402 2401.657715 0.000000 203.484955 190.149612 710.895386 4900.726562 2565.176270 2227.028076 1417.075806 80.510963 2427.170166 1091.815063 
542.089294 2293.509521 2321.267578 203.484955 0.000000 393.622406 593.381470 4763.034668 2434.334229 2080.446045 1218.137573 123.223801 2269.207031 926.110168 
935.706970 2590.277100 2485.315674 190.149612 393.622406 0.000000 848.425415 5028.970215 2692.315186 2368.917725 1603.429199 270.601868 2578.097656 1257.893188 
588.468079 1741.854248 1732.707642 710.895386 593.381470 848.425415 0.000000 4189.896973 1854.349365 1520.799561 941.445984 663.489929 1731.071411 1190.787964 
4408.367676 2479.936768 2665.959717 4900.726562 4763.034668 5028.970215 4189.896973 0.000000 2336.826660 2684.730713 3794.465576 4849.729492 2521.542480 4752.225098 
2135.006104 347.281128 678.946533 2565.176270 2434.334229 2692.315186 1854.349365 2336.826660 0.000000 416.613342 1641.781494 2516.266357 458.139038 2590.104248 
1741.590210 228.333252 871.159729 2227.028076 2080.446045 2368.917725 1520.799561 2684.730713 416.613342 0.000000 1225.377563 2171.552002 264.856506 2177.185547 
700.818359 1370.447388 1888.649414 1417.075806 1218.137573 1603.429199 941.445984 3794.465576 1641.781494 1225.377563 0.000000 1339.380981 1300.616089 966.971680 
665.227356 2387.613770 2372.877930 80.510963 123.223801 270.601868 663.489929 4849.729492 2516.266357 2171.552002 1339.380981 0.000000 2367.146484 1021.988403 
1886.855103 111.430763 1063.300781 2427.170166 2269.207031 2578.097656 1731.071411 2521.542480 458.139038 264.856506 1300.616089 2367.146484 0.000000 2267.346680 
606.093262 2334.764160 2730.768311 1091.815063 926.110168 1257.893188 1190.787964 4752.225098 2590.104248 2177.185547 966.971680 1021.988403 2267.346680 0.000000 
