140	156.3	231.8	134.8	101.2	130.3	125.2	415.9	186.8	206.8	122.2	188.8	178.3	143.2156.3	0	87.2	143.2	126.8	131.8	126.8	260.5	77.2	81.8	111.8	122.2	91.8	143.2231.8	87.2	0	95.79	124.8	143.2	162.4	240.2	75.2	88.2	112.8	170.8	106.8	238.3134.8	143.2	95.79	0	130.2	113.2	109.2	330.8	138.2	126.2	178.3	143.8	168.8	122.2101.2	126.8	124.8	130.2	0	85.8	102.8	509.4	147.8	135.8	111.8	145.8	136.8	102.8
130.3	131.8	143.2	113.2	85.8	0	107.8	335.8	132.8	149.8	197.4	113.2	136.8	96.8125.2	126.8 	162.4	109.2	102.8	107.8	0	344.9	149.2	121.9	136.8	109.79	131.81	102.2415.9	260.5	240.2	330.8	509.4	335.8	344.9	0	186.8	374.8	354.2	391.97	186.8	380.9186.8	77.2	75.2	138.2	147.8	132.8	149.2	186.8	0	72.82	173.8	175.21	68.8	135.3206.8	81.8	88.2	126.2	135.8	149.8	121.9	374.8	72.82	0	111.8	135.8	98.8	149.8122.2	111.8	112.8	178.3	111.8	197.4	136.8	354.2	173.8	111.8	0	168.3	129.2	202.8188.8	122.2	170.8	143.8	145.8	113.2	109.79	391.97	175.21	135.8	168.3	0	198.3	95.8178.3	91.8	106.8	168.8	136.8	136.8	131.81	186.8	68.8	98.8	129.2	198.3	0	153.2143.2	143.2	238.3	122.2	102.8	96.8	102.2	380.9	135.3	149.8	202.8	95.8	153.2	0																																																																																																																																																																																																																																