14
0.000000 0.001617 0.002325 0.693121 0.761790 0.001275 0.001096 0.004234 0.001914 0.002052 0.001176 0.001452 0.001810 0.672639 
0.001617 0.000000 0.627008 0.001554 0.001389 0.001466 0.540126 0.002617 0.429355 0.209420 0.507526 0.001358 0.330316 0.001542 
0.002325 0.627008 0.000000 0.001121 0.001374 0.001558 0.589206 0.002454 1.200270 0.000888 0.001219 0.001795 0.001076 0.002443 
0.693121 0.001554 0.001121 0.000000 0.292004 0.323017 0.453335 0.003516 0.001521 0.001377 0.001760 0.189062 0.001783 0.500191 
0.761790 0.001389 0.001374 0.292004 0.000000 0.410159 0.563086 0.005122 0.001594 0.001448 0.001138 0.149564 0.001477 0.413358 
0.001275 0.001466 0.001558 0.323017 0.410159 0.000000 1.545184 0.003575 0.001486 0.001605 0.011304 0.000453 0.001510 0.001007 
0.001096 0.540126 0.589206 0.453335 0.563086 1.545184 0.000000 0.003566 0.747490 0.782765 0.908122 0.001060 0.001374 0.001049 
0.004234 0.002617 0.002454 0.003516 0.005122 0.003575 0.003566 0.000000 0.001936 0.003675 0.003608 0.004065 0.001956 0.003954 
0.001914 0.429355 1.200270 0.001521 0.001594 0.001486 0.747490 0.001936 0.000000 0.000700 0.011341 0.001850 0.000669 0.001498 
0.002052 0.209420 0.000888 0.001377 0.001448 0.001605 0.782765 0.003675 0.000700 0.000000 0.010151 0.001457 0.000635 0.001584 
0.001176 0.507526 0.001219 0.001760 0.001138 0.011304 0.908122 0.003608 0.011341 0.010151 0.000000 0.001661 0.001304 0.001932 
0.001452 0.001358 0.001795 0.189062 0.149564 0.000453 0.001060 0.004065 0.001850 0.001457 0.001661 0.000000 0.002043 0.000973 
0.001810 0.330316 0.001076 0.001783 0.001477 0.001510 0.001374 0.001956 0.000669 0.000635 0.001304 0.002043 0.000000 0.001625 
0.672639 0.001542 0.002443 0.500191 0.413358 0.001007 0.001049 0.003954 0.001498 0.001584 0.001932 0.000973 0.001625 0.000000 
