14
0.000000 156.300003 209.000000 81.000000 72.000000 124.000000 45.000000 415.899994 186.800003 175.000000 86.000000 83.000000 175.000000 71.000000 
156.300003 0.000000 87.199997 143.199997 126.800003 131.800003 126.800003 260.500000 30.000000 22.000000 111.800003 122.199997 19.000000 143.199997 
209.000000 87.199997 0.000000 95.790001 124.800003 143.199997 145.000000 240.199997 75.199997 88.199997 112.800003 170.800003 106.800003 209.000000 
81.000000 143.199997 95.790001 0.000000 22.000000 23.000000 67.000000 330.799988 138.199997 126.199997 165.000000 12.000000 168.800003 116.000000 
72.000000 126.800003 124.800003 22.000000 0.000000 23.000000 67.000000 509.399994 147.800003 135.800003 111.800003 12.000000 136.800003 100.000000 
124.000000 131.800003 143.199997 23.000000 23.000000 0.000000 107.800003 335.799988 132.800003 149.800003 175.000000 18.000000 136.800003 96.800003 
45.000000 126.800003 145.000000 67.000000 67.000000 107.800003 0.000000 344.899994 149.199997 121.900002 120.000000 80.000000 131.809998 102.199997 
415.899994 260.500000 240.199997 330.799988 509.399994 335.799988 344.899994 0.000000 186.800003 374.799988 354.200012 391.970001 186.800003 380.899994 
186.800003 30.000000 75.199997 138.199997 147.800003 132.800003 149.199997 186.800003 0.000000 55.000000 173.800003 175.210007 68.800003 135.300003 
175.000000 22.000000 88.199997 126.199997 135.800003 149.800003 121.900002 374.799988 55.000000 0.000000 111.800003 135.800003 37.000000 149.800003 
86.000000 111.800003 112.800003 165.000000 111.800003 175.000000 120.000000 354.200012 173.800003 111.800003 0.000000 168.300003 129.199997 155.000000 
83.000000 122.199997 170.800003 12.000000 12.000000 18.000000 80.000000 391.970001 175.210007 135.800003 168.300003 0.000000 198.300003 95.800003 
175.000000 19.000000 106.800003 168.800003 136.800003 136.800003 131.809998 186.800003 68.800003 37.000000 129.199997 198.300003 0.000000 153.199997 
71.000000 143.199997 209.000000 116.000000 100.000000 96.800003 102.199997 380.899994 135.300003 149.800003 155.000000 95.800003 153.199997 0.000000 
