14
0.000000 3.512902 41.661537 13.261539 9.815385 16.538462 11.707692 8.015214 3.881829 30.723078 12.415384 11.938461 33.215385 10.200000 
3.512902 0.000000 1.744974 4.445386 4.170017 4.709595 3.167008 4.508976 5.876923 4.153846 2.491723 4.341116 1.876923 4.245026 
41.661537 1.744974 0.000000 4.366651 4.220487 4.518756 31.938461 4.847199 1.234448 1.583927 3.433908 4.314323 1.933274 51.723076 
13.261539 4.445386 4.366651 0.000000 3.753846 3.338462 12.569231 8.910412 4.663957 4.049142 25.630770 1.495385 4.413037 21.092308 
9.815385 4.170017 4.220487 3.753846 0.000000 6.769231 11.169230 8.660063 4.426062 3.782629 2.214796 2.184615 4.125831 16.169231 
16.538462 4.709595 4.518756 3.338462 6.769231 0.000000 1.542592 9.143582 4.895119 4.307123 28.907692 4.938461 4.687450 2.287079 
11.707692 3.167008 31.938461 12.569231 11.169230 1.542592 0.000000 7.617994 3.371544 2.765090 16.661539 11.969231 3.147403 2.165069 
8.015214 4.508976 4.847199 8.910412 8.660063 9.143582 7.617994 0.000000 4.248776 4.881329 6.899028 8.817690 4.584623 8.640409 
3.881829 5.876923 1.234448 4.663957 4.426062 4.895119 3.371544 4.248776 0.000000 8.753846 2.985057 4.575030 0.832980 4.709280 
30.723078 4.153846 1.583927 4.049142 3.782629 4.307123 2.765090 4.881329 8.753846 0.000000 2.227959 3.948276 5.107692 3.958519 
12.415384 2.491723 3.433908 25.630770 2.214796 28.907692 16.661539 6.899028 2.985057 2.227959 0.000000 2.435238 2.364757 18.261538 
11.938461 4.341116 4.314323 1.495385 2.184615 4.938461 11.969231 8.817690 4.575030 3.948276 2.435238 0.000000 4.303903 1.858161 
33.215385 1.876923 1.933274 4.413037 4.125831 4.687450 3.147403 4.584623 0.832980 5.107692 2.364757 4.303903 0.000000 4.122448 
10.200000 4.245026 51.723076 21.092308 16.169231 2.287079 2.165069 8.640409 4.709280 3.958519 18.261538 1.858161 4.122448 0.000000 
